5.290000000000000258e-01
4.899999999999999911e-01
5.490000000000000435e-01
4.699999999999999734e-01
5.400000000000000355e-01
3.990000000000000213e-01
2.220000000000000029e-01
5.020000000000000018e-01
5.480000000000000426e-01
3.049999999999999933e-01
5.520000000000000462e-01
3.860000000000000098e-01
3.400000000000000244e-01
4.259999999999999898e-01
2.550000000000000044e-01
3.459999999999999742e-01
4.749999999999999778e-01
1.370000000000000107e-01
3.260000000000000120e-01
5.649999999999999467e-01
5.480000000000000426e-01
4.530000000000000138e-01
4.069999999999999729e-01
2.620000000000000107e-01
5.999999999999999778e-01
5.260000000000000231e-01
5.769999999999999574e-01
1.549999999999999989e-01
1.789999999999999925e-01
2.010000000000000120e-01
4.929999999999999938e-01
