4.289999999999999925e-01
3.970000000000000195e-01
2.939999999999999836e-01
5.160000000000000142e-01
4.759999999999999787e-01
3.910000000000000142e-01
4.580000000000000182e-01
3.190000000000000058e-01
4.610000000000000209e-01
4.179999999999999827e-01
5.190000000000000169e-01
5.180000000000000160e-01
5.210000000000000187e-01
4.430000000000000049e-01
4.959999999999999964e-01
4.809999999999999831e-01
3.780000000000000027e-01
3.679999999999999938e-01
3.589999999999999858e-01
4.420000000000000040e-01
4.490000000000000102e-01
5.180000000000000160e-01
5.130000000000000115e-01
4.590000000000000191e-01
